0
308	4.798264e+01
323	3.363708e+01
370	3.173050e+01
268	2.947766e+01
288	2.748801e+01
257	2.734194e+01
334	2.709216e+01
326	2.692805e+01
304	2.212719e+01
376	2.106712e+01
349	1.725603e+01
171	1.540581e+01
406	1.514649e+01
211	1.378843e+01
359	1.246811e+01
324	1.126070e+01
350	1.035147e+01
395	1.025196e+01
382	9.478547e+00
140	8.343073e+00

1
334	3.864158e+01
323	3.686000e+01
383	3.522466e+01
211	3.397770e+01
370	3.339534e+01
268	3.062255e+01
326	2.978613e+01
308	2.975904e+01
349	2.856310e+01
304	2.711495e+01
171	2.575706e+01
30	2.376398e+01
350	2.344222e+01
288	1.968188e+01
395	1.820071e+01
257	1.756116e+01
419	1.563039e+01
407	1.379878e+01
376	1.331693e+01
12	1.265896e+01

2
350	3.659593e+01
211	3.355765e+01
383	2.849570e+01
349	2.705841e+01
308	2.562527e+01
12	2.544488e+01
334	2.247497e+01
30	2.053379e+01
419	2.053379e+01
268	2.011225e+01
106	1.953164e+01
323	1.923442e+01
316	1.896629e+01
305	1.877778e+01
171	1.850874e+01
338	1.834282e+01
29	1.808719e+01
407	1.747679e+01
326	1.664123e+01
259	1.648368e+01

3
211	4.277470e+01
268	4.123455e+01
350	4.081897e+01
383	4.073270e+01
308	3.748055e+01
334	3.722366e+01
171	3.083408e+01
323	3.027834e+01
349	2.805925e+01
419	2.624850e+01
30	2.527763e+01
370	2.525695e+01
326	2.469388e+01
288	2.380467e+01
304	2.351008e+01
395	2.218100e+01
376	2.169406e+01
259	2.064208e+01
338	2.016050e+01
257	2.011338e+01

4
350	2.632574e+01
211	2.362567e+01
383	2.281828e+01
349	1.848258e+01
334	1.803514e+01
30	1.620046e+01
419	1.620046e+01
12	1.538295e+01
308	1.518793e+01
395	1.460308e+01
171	1.417540e+01
268	1.417540e+01
407	1.350038e+01
304	1.300571e+01
376	1.242167e+01
29	1.215034e+01
106	1.215034e+01
259	1.215034e+01
326	1.176604e+01
386	1.148191e+01

5
323	5.217379e+01
308	5.152567e+01
268	4.605417e+01
350	3.354797e+01
326	3.295362e+01
257	3.204096e+01
324	3.202618e+01
211	3.080188e+01
334	2.720287e+01
383	2.544774e+01
288	2.521387e+01
349	2.377682e+01
395	2.319187e+01
171	2.306881e+01
304	2.149993e+01
30	2.138710e+01
419	2.121781e+01
305	2.099914e+01
259	1.950642e+01
407	1.856489e+01

6
384	3.822450e+01
421	3.365158e+01
49	3.169252e+01
406	3.103316e+01
87	3.007660e+01
239	1.799986e+01
169	1.574894e+01
153	1.551073e+01
287	1.403662e+01
107	1.341400e+01
232	1.258531e+01
192	1.123935e+01
140	9.404741e+00
267	9.076083e+00
226	9.071606e+00
156	8.095043e+00
126	8.049506e+00
170	7.609107e+00
322	7.520022e+00
164	7.442774e+00

7
358	8.723931e+01
339	7.402408e+01
61	5.459593e+01
155	4.400709e+01
303	3.999051e+01
156	3.230697e+01
212	2.633454e+01
269	2.466339e+01
242	2.289191e+01
195	1.523264e+01
356	1.497560e+01
258	1.432738e+01
144	1.193949e+01
344	1.081830e+01
41	1.016656e+01
25	9.852250e+00
207	9.625959e+00
167	9.551589e+00
249	9.194623e+00
176	8.929187e+00

8
358	2.259601e+01
269	1.887030e+01
339	1.861655e+01
156	1.810119e+01
61	1.593640e+01
155	1.394557e+01
303	1.300250e+01
242	1.284414e+01
238	1.236905e+01
245	6.835684e+00
198	6.184525e+00
355	5.126763e+00
225	3.417842e+00
332	3.417842e+00
422	3.417842e+00
68	3.250625e+00
88	3.130903e+00
31	3.092262e+00
46	3.092262e+00
327	2.348177e+00

9
358	3.621903e+01
61	3.250870e+01
155	3.228781e+01
269	2.565860e+01
303	2.494199e+01
156	2.173021e+01
339	1.795195e+01
258	1.674806e+01
242	1.452767e+01
144	1.193949e+01
167	9.551589e+00
309	7.196473e+00
139	5.638522e+00
9	5.480160e+00
305	5.480160e+00
68	5.438292e+00
49	5.218118e+00
169	5.218118e+00
340	5.218118e+00
384	5.218118e+00

10
198	2.277904e+01
195	1.639911e+01
269	1.577886e+01
254	1.519258e+01
135	1.473473e+01
238	1.330295e+01
148	1.121188e+01
413	8.720471e+00
40	8.287707e+00
415	8.075816e+00
262	7.604603e+00
206	7.525971e+00
361	7.427738e+00
272	7.257918e+00
41	6.821271e+00
267	6.821271e+00
156	6.743460e+00
358	6.502898e+00
46	6.502075e+00
364	6.395712e+00

11
358	4.898911e+01
155	4.191770e+01
303	3.900420e+01
156	3.625183e+01
61	3.459295e+01
269	3.154693e+01
242	2.552077e+01
339	2.170551e+01
258	1.674806e+01
238	1.358561e+01
144	1.193949e+01
167	9.551589e+00
309	7.196473e+00
159	6.788608e+00
139	6.696718e+00
340	6.260993e+00
198	6.184525e+00
36	5.992353e+00
75	5.992353e+00
323	5.428133e+00

12
185	3.545323e+01
79	3.346656e+01
287	2.380899e+01
350	2.230805e+01
87	2.091058e+01
342	2.007041e+01
170	1.981225e+01
169	1.795709e+01
239	1.383862e+01
151	1.274010e+01
188	1.242934e+01
221	1.234722e+01
267	1.163027e+01
247	1.133175e+01
228	1.036613e+01
421	7.875317e+00
306	7.585126e+00
167	7.161628e+00
132	6.888890e+00
32	6.725784e+00

13
107	1.674361e+01
341	1.392879e+01
415	1.358062e+01
411	1.290530e+01
45	1.078224e+01
279	1.059523e+01
269	8.184908e+00
316	7.355850e+00
336	7.267617e+00
74	7.222225e+00
130	7.219773e+00
9	7.200791e+00
88	7.096765e+00
218	7.000417e+00
292	6.726984e+00
346	6.554018e+00
310	6.425698e+00
239	6.263445e+00
412	6.119172e+00
305	5.973271e+00

14
94	5.653858e+01
422	5.020550e+01
164	4.139988e+01
118	3.438555e+01
128	3.075978e+01
305	1.877778e+01
338	1.733334e+01
331	1.655867e+01
354	1.300000e+01
182	1.057111e+01
350	1.030731e+01
389	7.892001e+00
166	7.291704e+00
259	7.245935e+00
383	7.222225e+00
211	6.920237e+00
207	6.342664e+00
243	6.342664e+00
387	6.342664e+00
323	6.275068e+00

15
185	3.264796e+01
169	1.822786e+01
287	1.605200e+01
239	1.557818e+01
87	1.511369e+01
350	1.497715e+01
170	1.236678e+01
221	1.089677e+01
79	9.382112e+00
238	7.964425e+00
3	6.803705e+00
333	6.526346e+00
6	6.386141e+00
391	6.315336e+00
292	6.288320e+00
274	6.221196e+00
201	6.184525e+00
1	5.937312e+00
99	5.505947e+00
395	5.490826e+00

16
358	4.310792e+01
303	3.891699e+01
61	2.861303e+01
155	2.593601e+01
156	2.517026e+01
242	1.797211e+01
339	1.795195e+01
258	1.674806e+01
269	1.472149e+01
167	1.234132e+01
144	1.193949e+01
309	7.196473e+00
36	4.775795e+00
75	4.775795e+00
391	4.296382e+00
159	3.935417e+00
212	3.466806e+00
68	3.250625e+00
1	2.940104e+00
315	2.908241e+00

17
356	1.123941e+01
247	1.115172e+01
418	9.903787e+00
275	8.538833e+00
40	8.287707e+00
254	8.091606e+00
195	6.855338e+00
41	6.821271e+00
267	6.821271e+00
342	6.411640e+00
411	6.377316e+00
295	5.526073e+00
24	5.131559e+00
78	5.131559e+00
159	5.003962e+00
142	4.982068e+00
81	4.944947e+00
79	4.915195e+00
50	4.911138e+00
171	4.860433e+00

18
195	9.273565e+01
267	7.231835e+01
159	5.594943e+01
99	4.843237e+01
344	4.420922e+01
100	4.417629e+01
234	3.657271e+01
10	3.146123e+01
115	2.940757e+01
121	2.823863e+01
86	2.474673e+01
139	2.440827e+01
36	1.970931e+01
226	1.729308e+01
377	1.528815e+01
254	1.497310e+01
402	1.327459e+01
40	1.217611e+01
194	1.166983e+01
137	1.137634e+01

19
40	2.182803e+01
361	1.898432e+01
267	1.809472e+01
41	1.732520e+01
195	1.602879e+01
292	1.500361e+01
305	1.478315e+01
230	1.462863e+01
50	1.411925e+01
402	1.383699e+01
79	1.340045e+01
48	1.242530e+01
215	1.202745e+01
159	1.176350e+01
295	1.162392e+01
387	1.155805e+01
254	1.144960e+01
148	1.098265e+01
341	1.047840e+01
411	1.042145e+01

20
338	4.123890e+01
305	3.988523e+01
107	3.905760e+01
331	3.002474e+01
318	2.873891e+01
342	2.694611e+01
354	2.403011e+01
230	2.009746e+01
144	1.635629e+01
227	1.514032e+01
76	1.326283e+01
411	1.214469e+01
196	1.141819e+01
241	1.140493e+01
218	1.069067e+01
372	9.982904e+00
361	9.922961e+00
236	9.840912e+00
267	9.548622e+00
350	9.499069e+00

21
356	2.892929e+01
41	2.244028e+01
285	1.467825e+01
50	1.458001e+01
11	1.277509e+01
25	1.236736e+01
195	1.200262e+01
267	1.176089e+01
344	9.936807e+00
34	9.334237e+00
247	9.079698e+00
176	8.929187e+00
5	8.829954e+00
347	8.133761e+00
319	8.046225e+00
245	7.983242e+00
339	7.579803e+00
341	7.364407e+00
67	7.364235e+00
364	6.938586e+00

22
411	1.119692e+01
40	9.141018e+00
361	9.041719e+00
230	7.589149e+00
305	7.491552e+00
195	7.207520e+00
41	6.821271e+00
267	6.821271e+00
358	6.200363e+00
263	5.504969e+00
402	5.492804e+00
342	5.263320e+00
159	5.201400e+00
341	5.171805e+00
79	5.112633e+00
215	5.109473e+00
258	5.109473e+00
338	4.651658e+00
50	4.263946e+00
254	4.263946e+00

23
318	2.841008e+01
338	2.023459e+01
107	1.852685e+01
361	1.293627e+01
230	1.267406e+01
40	1.014039e+01
331	9.263424e+00
236	8.594882e+00
108	8.241049e+00
305	7.854799e+00
227	7.502255e+00
218	7.410740e+00
159	7.391166e+00
254	7.275759e+00
66	7.139025e+00
168	7.047510e+00
41	6.821271e+00
267	6.821271e+00
411	6.638241e+00
413	6.388364e+00

24
342	2.452570e+01
139	2.418038e+01
121	1.835356e+01
159	1.675886e+01
246	1.543562e+01
356	1.497560e+01
195	1.414064e+01
278	1.362118e+01
341	1.314300e+01
194	1.202877e+01
86	1.129330e+01
41	1.016656e+01
344	1.013175e+01
377	9.838128e+00
115	9.810964e+00
210	9.787590e+00
119	9.751875e+00
138	9.751875e+00
100	9.416698e+00
25	8.973079e+00

25
356	1.644203e+01
41	1.309943e+01
195	1.101431e+01
25	1.017969e+01
344	9.824327e+00
411	9.206702e+00
267	8.979283e+00
176	8.929187e+00
339	8.771372e+00
341	8.061316e+00
50	7.442632e+00
342	7.442632e+00
79	7.147239e+00
305	7.123230e+00
307	6.977745e+00
142	6.807158e+00
332	6.110815e+00
245	5.562346e+00
402	5.407608e+00
34	5.133073e+00

26
341	1.393603e+01
303	1.183761e+01
254	1.035182e+01
247	8.885441e+00
61	8.874276e+00
24	8.623086e+00
418	7.994260e+00
295	7.716619e+00
227	7.503388e+00
420	7.398072e+00
272	7.361574e+00
322	7.340571e+00
133	6.672697e+00
383	6.601950e+00
235	6.501250e+00
216	6.398374e+00
79	6.214536e+00
174	6.207800e+00
60	6.095917e+00
241	6.053729e+00

27
81	1.725776e+01
390	1.602518e+01
391	1.390438e+01
277	1.310437e+01
150	1.167464e+01
245	1.125403e+01
94	1.033558e+01
360	9.498354e+00
307	9.360185e+00
394	9.172614e+00
225	8.859923e+00
96	8.020449e+00
325	8.020449e+00
413	7.885647e+00
219	7.170203e+00
163	6.984531e+00
118	6.965426e+00
164	6.965426e+00
173	6.342064e+00
200	6.290956e+00

28
341	6.304136e+01
192	5.610778e+01
329	2.801832e+01
158	2.264988e+01
184	1.640411e+01
230	1.214315e+01
323	1.178284e+01
105	1.114358e+01
157	1.090895e+01
418	1.010203e+01
140	9.615418e+00
115	8.565880e+00
361	8.386981e+00
383	8.249346e+00
346	8.231903e+00
239	7.779559e+00
139	7.778032e+00
313	7.671354e+00
227	7.534807e+00
364	7.367528e+00

29
271	5.958879e+01
253	5.481214e+01
261	4.159687e+01
182	2.887218e+01
302	2.676223e+01
20	2.621003e+01
229	2.352579e+01
273	2.161418e+01
71	2.060782e+01
379	1.991655e+01
122	1.928335e+01
207	1.688118e+01
150	1.662590e+01
387	1.625446e+01
391	1.546851e+01
333	1.508617e+01
241	1.476286e+01
369	1.444320e+01
332	1.439644e+01
144	1.422287e+01

30
138	1.761701e+01
415	1.751653e+01
316	1.140687e+01
74	1.058100e+01
98	9.702335e+00
300	9.395974e+00
81	8.334291e+00
9	8.036387e+00
102	7.814193e+00
103	7.814193e+00
336	7.683381e+00
303	7.520654e+00
246	6.804716e+00
312	6.804716e+00
375	6.673904e+00
15	6.288160e+00
266	6.192536e+00
165	5.796885e+00
90	5.795239e+00
348	5.664427e+00

31
279	2.880370e+01
415	2.856224e+01
316	2.282659e+01
107	2.199213e+01
411	1.911401e+01
295	1.781951e+01
306	1.718081e+01
341	1.705037e+01
74	1.608271e+01
21	1.498327e+01
329	1.227622e+01
186	1.208400e+01
138	1.206416e+01
38	1.194751e+01
15	1.188619e+01
336	1.155556e+01
102	1.124813e+01
146	1.081444e+01
115	1.019800e+01
285	1.011928e+01

32
251	2.789139e+01
335	8.380431e+00
323	7.896723e+00
308	6.467198e+00
90	4.046505e+00
22	3.850218e+00
364	3.850218e+00
360	3.116258e+00
8	2.789727e+00
77	2.789727e+00
83	2.789727e+00
140	2.789727e+00
217	2.789727e+00
356	2.789727e+00
157	2.557694e+00
110	2.176241e+00
122	2.176241e+00
221	2.176241e+00
293	2.176241e+00
306	2.176241e+00

33
294	2.287531e+01
238	1.391436e+01
305	7.836469e+00
9	7.784537e+00
194	7.468375e+00
290	7.026921e+00
418	5.832342e+00
258	5.448571e+00
246	5.004874e+00
202	4.905749e+00
70	4.411986e+00
6	4.320028e+00
76	4.320028e+00
291	4.174927e+00
261	4.115082e+00
408	4.115082e+00
61	3.892269e+00
329	3.816675e+00
196	3.692911e+00
332	3.508498e+00

34
318	5.343900e+01
338	2.626581e+01
107	1.852685e+01
236	1.749685e+01
9	1.373460e+01
230	1.145109e+01
76	1.125761e+01
132	1.118988e+01
239	1.027116e+01
140	9.633232e+00
418	9.405279e+00
331	9.263424e+00
215	8.134240e+00
305	8.119011e+00
192	8.093493e+00
184	7.808803e+00
283	7.445565e+00
218	7.410740e+00
259	7.384288e+00
80	7.120858e+00

35
217	2.197337e+01
200	9.519523e+00
139	6.922138e+00
210	5.636056e+00
140	5.402803e+00
218	5.267249e+00
267	5.087587e+00
361	4.854334e+00
383	4.718780e+00
320	4.063129e+00
309	3.514660e+00
323	3.514660e+00
391	3.514660e+00
192	3.461069e+00
355	3.461069e+00
410	3.461069e+00
412	3.461069e+00
70	3.380560e+00
14	3.145853e+00
28	3.145853e+00

36
341	1.004057e+01
378	8.940545e+00
230	6.785556e+00
48	6.543661e+00
401	6.492403e+00
24	6.095917e+00
60	6.095917e+00
7	4.916619e+00
221	4.883372e+00
167	4.841356e+00
227	4.364878e+00
367	4.353325e+00
102	4.046505e+00
188	3.967280e+00
318	3.944657e+00
382	3.938429e+00
40	3.888400e+00
41	3.888400e+00
195	3.888400e+00
267	3.888400e+00

37
174	1.722192e+01
402	1.633236e+01
254	1.063884e+01
89	1.015835e+01
202	9.881180e+00
356	9.705319e+00
192	8.093493e+00
247	7.933847e+00
418	7.917405e+00
333	7.301734e+00
272	7.190388e+00
48	6.752788e+00
215	6.386793e+00
135	6.355548e+00
10	6.297211e+00
313	6.243326e+00
140	6.229007e+00
268	6.229007e+00
283	6.229007e+00
186	6.038656e+00

38
360	7.410223e+01
277	5.206612e+01
219	4.709597e+01
265	4.183291e+01
173	3.718212e+01
22	3.578804e+01
189	3.409560e+01
394	3.405745e+01
150	2.355366e+01
255	1.937183e+01
133	1.511341e+01
73	1.471284e+01
332	1.296040e+01
81	1.281807e+01
134	1.224849e+01
391	1.125777e+01
40	9.821761e+00
266	8.234460e+00
103	8.041079e+00
286	7.934560e+00

39
207	2.852200e+01
272	2.416386e+01
182	2.186927e+01
134	2.087547e+01
369	1.901143e+01
71	1.618654e+01
391	1.430592e+01
229	1.392351e+01
94	1.326717e+01
58	1.316072e+01
186	1.310036e+01
243	1.279803e+01
245	1.269416e+01
177	1.247478e+01
247	1.217249e+01
219	1.183763e+01
325	1.155313e+01
322	1.088483e+01
131	1.077649e+01
139	1.043420e+01

40
215	4.228748e+01
260	2.621938e+01
116	2.493721e+01
291	2.485901e+01
23	2.421447e+01
231	2.392029e+01
284	2.187248e+01
69	1.976400e+01
351	1.807059e+01
90	1.627855e+01
203	1.572626e+01
157	1.534571e+01
392	1.492079e+01
47	1.227355e+01
101	1.221367e+01
174	1.170661e+01
31	1.134424e+01
348	9.836382e+00
54	9.452460e+00
149	9.411934e+00

41
215	3.274309e+01
402	2.632881e+01
174	2.556945e+01
90	2.427526e+01
116	2.051952e+01
254	2.043629e+01
69	2.016981e+01
284	2.002850e+01
47	1.995111e+01
53	1.969375e+01
231	1.922248e+01
101	1.895940e+01
157	1.771957e+01
348	1.762408e+01
202	1.714321e+01
23	1.487749e+01
260	1.413357e+01
228	1.409906e+01
89	1.379895e+01
135	1.361733e+01

42
341	3.825242e+01
329	1.939657e+01
21	1.334500e+01
306	9.996084e+00
279	9.951420e+00
186	9.532146e+00
290	8.895748e+00
367	8.302698e+00
113	8.142071e+00
15	7.625717e+00
263	7.625717e+00
38	7.237397e+00
295	7.237397e+00
404	6.377386e+00
192	6.335679e+00
307	6.332722e+00
90	5.719288e+00
104	5.719288e+00
146	5.719288e+00
276	5.719288e+00

43
295	1.648615e+01
306	1.200721e+01
245	6.835684e+00
82	6.695070e+00
102	6.695070e+00
31	6.684280e+00
315	6.199172e+00
355	5.126763e+00
348	4.959546e+00
316	4.898859e+00
79	3.879784e+00
98	3.444445e+00
312	3.444445e+00
225	3.417842e+00
332	3.417842e+00
422	3.417842e+00
23	3.342140e+00
75	3.342140e+00
390	3.342140e+00
3	3.167840e+00

44
229	1.451370e+01
365	1.439323e+01
379	1.250291e+01
167	1.242110e+01
247	1.180082e+01
182	9.799221e+00
144	9.351629e+00
9	9.097132e+00
58	8.283757e+00
241	8.283757e+00
207	7.745287e+00
139	7.013722e+00
261	6.852559e+00
302	6.393442e+00
369	6.393442e+00
262	6.297773e+00
20	6.289982e+00
75	6.027659e+00
303	6.027659e+00
258	5.580067e+00

45
202	2.988159e+01
215	2.862426e+01
348	2.461243e+01
90	2.147834e+01
151	2.135914e+01
23	2.127561e+01
47	2.096895e+01
116	2.051952e+01
284	2.019304e+01
20	1.922435e+01
231	1.922248e+01
291	1.825044e+01
69	1.798032e+01
80	1.701532e+01
53	1.466093e+01
101	1.442360e+01
260	1.413357e+01
392	1.182953e+01
56	1.178880e+01
26	1.175724e+01

46
174	1.623838e+01
254	1.355164e+01
402	1.268530e+01
89	1.001415e+01
202	9.881180e+00
192	8.093493e+00
215	7.699628e+00
247	7.279588e+00
31	6.684280e+00
93	6.673823e+00
23	6.253783e+00
313	6.243326e+00
418	6.237440e+00
140	6.229007e+00
268	6.229007e+00
283	6.229007e+00
378	6.053554e+00
135	5.967353e+00
47	5.932980e+00
148	5.832633e+00

47
229	6.061808e+00
420	5.579454e+00
374	5.495723e+00
46	4.642412e+00
63	4.642412e+00
306	4.399756e+00
272	3.827666e+00
251	3.705370e+00
23	3.643038e+00
247	3.643038e+00
322	3.643038e+00
288	3.501876e+00
12	3.266375e+00
89	3.235354e+00
295	3.235354e+00
280	2.834950e+00
174	2.789727e+00
195	2.789727e+00
21	2.705996e+00
66	2.705996e+00

48
183	4.441889e+01
56	3.610993e+01
103	2.479231e+01
205	2.325112e+01
150	1.987491e+01
81	1.456743e+01
312	1.356700e+01
316	1.355904e+01
291	1.342797e+01
300	1.295299e+01
378	1.179781e+01
98	1.075888e+01
375	1.075659e+01
138	1.036390e+01
380	1.019522e+01
415	9.714081e+00
102	8.952703e+00
24	7.716162e+00
74	7.087374e+00
266	6.798714e+00

49
402	2.365674e+01
157	1.681914e+01
364	1.215034e+01
116	1.204572e+01
133	1.162607e+01
249	9.460855e+00
411	8.555208e+00
418	8.501780e+00
221	8.322544e+00
89	8.097974e+00
265	7.697339e+00
90	6.895076e+00
358	6.838404e+00
26	6.802372e+00
291	6.297681e+00
247	6.075172e+00
283	6.075172e+00
332	6.075172e+00
341	5.994306e+00
228	5.870171e+00

50
21	1.334500e+01
341	1.334500e+01
186	1.333835e+01
329	1.176077e+01
279	9.951420e+00
306	9.046746e+00
290	8.895748e+00
2	8.819071e+00
113	8.529684e+00
276	8.325474e+00
367	8.302698e+00
15	7.625717e+00
263	7.625717e+00
38	7.625010e+00
295	7.237397e+00
307	6.332722e+00
114	6.212885e+00
90	5.719288e+00
104	5.719288e+00
146	5.719288e+00

51
186	3.069179e+01
341	1.926315e+01
21	1.543449e+01
413	1.495777e+01
263	1.491450e+01
210	1.426954e+01
219	1.420842e+01
329	1.258450e+01
276	1.227616e+01
15	1.210142e+01
306	1.176212e+01
391	1.160629e+01
279	1.137275e+01
417	1.124721e+01
178	1.122531e+01
418	1.102544e+01
141	1.098827e+01
290	1.090603e+01
217	1.085955e+01
307	1.066626e+01

52
295	3.579721e+01
306	2.912683e+01
402	2.276992e+01
341	1.846111e+01
102	1.362211e+01
21	1.334500e+01
329	1.259012e+01
315	1.226786e+01
364	1.215034e+01
263	1.200098e+01
186	1.194872e+01
413	1.105527e+01
348	1.087851e+01
279	1.086579e+01
290	1.045395e+01
247	1.030533e+01
367	9.878782e+00
113	8.529684e+00
283	8.491743e+00
332	8.491743e+00

53
306	3.352554e+01
295	2.794063e+01
315	2.246131e+01
38	1.869290e+01
411	1.768305e+01
79	1.630021e+01
418	1.474965e+01
401	1.132829e+01
57	1.043319e+01
146	1.024847e+01
135	1.008413e+01
415	9.907797e+00
363	9.226273e+00
350	9.050196e+00
290	8.897783e+00
178	8.792995e+00
133	8.699493e+00
82	8.414667e+00
254	8.332127e+00
18	8.280225e+00

54
402	3.256437e+01
89	2.730226e+01
247	2.392253e+01
254	2.354380e+01
157	1.806917e+01
364	1.717132e+01
135	1.579913e+01
228	1.248265e+01
418	1.214150e+01
295	1.130875e+01
140	1.101283e+01
283	1.095730e+01
38	1.052678e+01
174	9.956465e+00
133	8.100229e+00
1	7.974849e+00
382	7.952606e+00
215	7.371187e+00
173	7.043279e+00
348	7.004669e+00

55
140	1.975326e+01
418	1.511499e+01
145	1.249505e+01
254	1.186622e+01
364	1.000419e+01
146	9.741680e+00
192	9.064359e+00
283	8.972180e+00
382	8.462339e+00
135	8.336473e+00
166	8.176373e+00
268	8.170740e+00
250	8.103733e+00
38	8.086999e+00
139	7.990379e+00
95	7.977948e+00
133	7.852163e+00
247	7.825590e+00
164	7.704195e+00
161	7.646534e+00

56
306	2.478772e+01
295	1.913201e+01
315	1.491613e+01
38	1.172574e+01
82	9.682618e+00
79	9.053256e+00
59	7.697339e+00
291	5.386235e+00
348	5.386235e+00
350	5.386235e+00
363	5.258897e+00
118	5.131559e+00
317	5.131559e+00
338	5.131559e+00
401	5.131559e+00
411	5.131559e+00
56	4.630209e+00
335	4.423047e+00
420	4.296382e+00
255	2.930773e+00

57
254	2.427682e+01
89	2.283466e+01
402	2.274247e+01
135	2.103286e+01
38	2.063029e+01
157	2.042140e+01
247	1.735530e+01
418	1.600170e+01
23	1.283957e+01
228	1.134707e+01
283	8.910396e+00
192	8.093493e+00
73	7.594367e+00
148	7.456272e+00
174	7.196865e+00
295	6.939340e+00
140	6.926708e+00
322	6.785448e+00
411	6.781045e+00
272	6.704262e+00

58
79	3.820305e+01
306	1.994953e+01
350	1.573801e+01
146	1.283394e+01
140	1.198205e+01
40	1.192709e+01
418	1.186436e+01
254	1.055920e+01
283	1.018874e+01
185	9.233049e+00
228	8.664963e+00
38	8.223247e+00
250	8.103733e+00
192	8.093493e+00
60	8.074490e+00
95	7.977948e+00
133	7.852163e+00
402	7.698228e+00
151	7.669803e+00
170	7.602893e+00

59
306	2.749485e+01
295	1.913201e+01
315	1.491613e+01
79	1.446752e+01
38	1.172574e+01
59	7.697339e+00
82	5.386235e+00
291	5.386235e+00
348	5.386235e+00
350	5.386235e+00
363	5.258897e+00
118	5.131559e+00
317	5.131559e+00
338	5.131559e+00
401	5.131559e+00
411	5.131559e+00
56	4.630209e+00
335	4.423047e+00
303	4.046505e+00
334	3.034599e+00

60
254	1.164594e+01
135	1.158790e+01
402	1.131085e+01
228	9.460520e+00
89	9.285346e+00
82	8.483226e+00
295	8.206801e+00
174	8.065285e+00
247	7.548033e+00
283	6.394292e+00
195	6.186843e+00
315	6.171204e+00
157	5.921648e+00
350	5.877040e+00
290	5.060817e+00
305	5.047093e+00
272	4.953028e+00
411	4.916559e+00
29	4.410604e+00
40	4.399307e+00

61
250	7.364235e+00
398	6.445450e+00
133	6.409992e+00
275	5.345539e+00
96	4.909490e+00
233	4.115987e+00
417	3.955247e+00
6	3.921181e+00
186	3.921181e+00
209	3.921181e+00
194	3.879491e+00
377	3.490578e+00
114	3.444445e+00
318	3.444445e+00
315	3.280783e+00
360	3.174383e+00
58	3.001005e+00
128	3.001005e+00
173	3.001005e+00
207	3.001005e+00

62
139	3.648814e+01
159	3.237797e+01
121	3.129585e+01
309	2.403109e+01
377	2.217917e+01
115	2.183910e+01
194	1.891621e+01
209	1.838415e+01
210	1.827505e+01
386	1.648694e+01
86	1.597272e+01
234	1.575752e+01
100	1.541810e+01
134	1.258864e+01
181	1.253846e+01
35	1.186794e+01
70	1.186675e+01
140	1.048555e+01
94	1.036558e+01
224	9.956355e+00

63
322	4.449734e+01
328	3.388282e+01
243	2.087047e+01
420	1.968681e+01
379	1.823891e+01
46	1.562518e+01
365	1.551317e+01
182	1.401019e+01
144	1.397346e+01
138	1.189781e+01
283	1.074822e+01
75	1.060351e+01
229	1.050944e+01
167	1.043851e+01
400	1.029190e+01
241	1.020189e+01
7	1.002031e+01
389	9.990355e+00
107	9.938653e+00
58	9.512934e+00

64
342	2.520596e+01
246	1.543562e+01
278	1.300250e+01
194	1.126189e+01
309	1.042475e+01
121	1.023564e+01
119	9.751875e+00
138	9.751875e+00
386	9.035117e+00
17	8.371483e+00
377	8.086862e+00
100	6.728579e+00
159	6.351463e+00
341	6.255861e+00
115	5.894276e+00
31	5.876518e+00
35	5.212373e+00
210	5.212373e+00
234	5.212373e+00
8	4.957024e+00

65
341	2.359067e+01
386	1.999544e+01
115	1.950233e+01
210	1.852356e+01
377	1.804775e+01
230	1.749509e+01
194	1.648383e+01
121	1.505603e+01
70	1.458350e+01
139	1.452775e+01
159	1.371482e+01
100	1.314526e+01
238	1.226958e+01
258	1.126774e+01
306	1.082458e+01
309	1.042475e+01
86	1.036321e+01
234	1.006667e+01
55	8.787379e+00
173	8.368897e+00

66
7	4.331920e+01
63	4.053309e+01
184	2.963791e+01
346	2.467295e+01
420	1.219511e+01
31	9.967226e+00
92	7.543174e+00
8	6.848670e+00
411	6.848670e+00
46	6.563001e+00
341	6.548117e+00
417	5.086109e+00
397	4.999147e+00
328	4.541960e+00
116	4.384398e+00
386	4.115001e+00
371	3.406470e+00
239	3.404225e+00
108	3.167840e+00
178	3.167840e+00

67
420	1.574539e+01
238	1.564988e+01
307	1.247924e+01
46	1.210577e+01
289	1.157412e+01
290	1.109946e+01
31	1.064982e+01
87	9.184090e+00
68	8.428998e+00
341	7.964596e+00
7	7.872938e+00
352	7.697643e+00
279	7.219325e+00
275	7.007384e+00
353	6.955501e+00
107	6.889147e+00
92	6.690123e+00
243	6.416745e+00
178	6.411932e+00
343	6.086457e+00

68
377	8.846434e+01
386	5.511304e+01
139	3.980346e+01
121	3.846879e+01
159	3.517293e+01
115	3.459953e+01
70	3.166891e+01
194	3.000722e+01
309	2.877013e+01
210	2.743478e+01
100	2.329877e+01
234	1.717555e+01
224	1.609335e+01
86	1.479780e+01
195	1.179172e+01
233	1.176910e+01
134	1.033640e+01
341	9.932878e+00
55	9.496823e+00
79	9.390576e+00

69
140	2.420917e+01
226	1.563246e+01
413	1.526019e+01
264	1.255270e+01
225	1.169456e+01
396	1.168871e+01
139	9.705660e+00
42	9.662275e+00
137	9.597655e+00
26	9.376830e+00
9	8.364231e+00
168	8.125858e+00
158	7.690617e+00
284	7.326757e+00
223	7.103310e+00
194	6.948055e+00
150	6.628921e+00
120	6.416745e+00
245	6.273173e+00
45	6.167123e+00

70
117	3.278142e+01
258	1.891262e+01
341	1.236147e+01
350	1.079308e+01
361	1.078602e+01
417	1.053372e+01
414	8.992825e+00
422	8.922847e+00
408	8.036575e+00
60	7.966149e+00
221	6.909608e+00
138	6.521846e+00
420	6.499194e+00
8	6.389030e+00
323	6.350939e+00
230	6.342887e+00
46	6.331656e+00
346	6.331656e+00
267	6.314108e+00
121	6.228044e+00

71
305	4.520115e+01
331	3.534950e+01
354	2.745736e+01
338	2.583038e+01
107	1.814018e+01
144	1.425454e+01
76	1.390009e+01
323	1.357989e+01
196	1.186049e+01
238	1.075183e+01
383	1.058192e+01
78	1.034613e+01
414	1.028189e+01
251	1.022582e+01
350	1.022467e+01
230	1.012972e+01
422	1.004830e+01
66	9.478068e+00
389	9.448749e+00
171	9.410454e+00

72
209	7.442021e+01
43	5.583067e+01
320	3.784868e+01
37	3.363922e+01
168	1.203584e+01
146	1.167971e+01
226	1.070353e+01
6	1.030934e+01
236	1.015397e+01
351	9.457674e+00
413	8.565662e+00
341	8.550753e+00
167	7.905994e+00
210	7.543225e+00
338	7.358665e+00
90	7.277392e+00
139	6.890113e+00
182	6.870883e+00
217	6.847067e+00
159	6.821179e+00

73
285	5.724406e+01
34	4.252931e+01
41	3.629187e+01
356	3.123328e+01
67	3.025659e+01
25	2.928370e+01
5	2.300096e+01
11	1.953612e+01
347	1.645325e+01
50	1.372911e+01
180	1.154376e+01
142	1.073948e+01
319	9.231394e+00
259	9.089020e+00
63	7.581508e+00
244	7.581508e+00
388	7.185119e+00
120	5.054338e+00
236	5.007180e+00
227	4.909490e+00

74
388	2.030045e+01
57	1.785516e+01
240	1.512816e+01
197	1.178097e+01
17	1.129525e+01
146	1.058583e+01
60	9.926147e+00
142	9.206562e+00
310	8.609088e+00
34	8.352472e+00
406	8.143596e+00
250	7.880670e+00
133	7.675188e+00
114	7.332042e+00
210	7.067954e+00
326	6.557257e+00
204	6.364741e+00
138	6.027612e+00
5	5.953394e+00
413	5.822791e+00

75
230	6.132129e+01
338	5.234418e+01
107	3.826194e+01
227	3.426239e+01
167	2.015957e+01
331	1.852685e+01
259	1.660146e+01
218	1.482148e+01
236	1.478046e+01
168	1.410433e+01
144	1.291818e+01
139	1.277017e+01
305	1.276010e+01
350	1.269241e+01
108	1.258255e+01
241	1.232436e+01
408	1.212737e+01
258	1.181674e+01
356	1.179869e+01
361	1.150059e+01

76
338	1.984200e+01
107	1.921087e+01
14	1.424172e+01
331	1.063147e+01
318	1.043364e+01
303	9.503519e+00
230	9.263424e+00
218	8.094762e+00
358	7.019702e+00
108	6.242077e+00
167	6.242077e+00
227	6.242077e+00
177	6.087598e+00
263	5.738361e+00
144	5.558055e+00
241	5.558055e+00
305	5.073415e+00
156	4.757743e+00
408	4.395854e+00
75	4.389392e+00

77
241	6.017503e+01
258	5.920920e+01
107	5.008886e+01
408	4.498238e+01
167	2.928268e+01
314	2.534272e+01
358	2.496389e+01
117	2.329975e+01
144	2.291898e+01
109	1.591788e+01
303	1.329133e+01
305	1.284839e+01
417	1.184213e+01
415	1.155556e+01
338	1.145109e+01
354	1.052927e+01
75	9.765197e+00
61	9.551589e+00
36	9.374158e+00
88	8.798884e+00

78
209	5.043259e+01
320	3.624369e+01
43	2.981862e+01
413	1.934731e+01
37	1.825159e+01
158	1.597097e+01
226	1.277594e+01
391	1.243497e+01
422	1.150301e+01
210	1.071292e+01
108	1.046890e+01
94	9.742198e+00
387	9.150182e+00
81	8.862999e+00
150	8.831411e+00
134	8.812420e+00
322	8.616640e+00
236	8.524399e+00
225	8.424137e+00
6	8.253126e+00

79
305	2.028154e+01
107	1.531524e+01
417	1.304039e+01
279	1.184885e+01
258	1.102535e+01
215	1.099422e+01
382	1.045453e+01
411	9.702054e+00
307	9.432277e+00
275	9.292392e+00
144	9.177423e+00
354	9.177423e+00
269	8.660801e+00
68	8.648363e+00
280	8.449070e+00
230	8.235618e+00
402	8.198410e+00
40	8.187494e+00
361	8.070276e+00
296	7.899393e+00

80
238	1.960651e+01
307	1.848300e+01
289	1.737972e+01
341	1.666203e+01
378	1.422446e+01
178	1.419545e+01
263	1.372818e+01
162	1.312856e+01
139	1.291545e+01
292	1.256668e+01
290	1.189246e+01
280	1.174626e+01
330	1.144196e+01
279	1.118111e+01
186	1.112286e+01
353	1.107026e+01
411	1.040144e+01
16	1.011513e+01
146	9.741680e+00
343	9.703443e+00

81
296	1.317080e+01
341	1.189775e+01
8	1.181293e+01
307	1.180372e+01
343	1.174686e+01
216	1.136174e+01
290	1.039476e+01
280	1.035203e+01
411	1.034692e+01
146	9.741680e+00
401	9.195920e+00
161	9.186259e+00
21	8.444714e+00
186	8.374891e+00
199	8.059340e+00
346	8.059340e+00
289	7.936484e+00
178	7.783518e+00
60	7.773922e+00
250	7.773922e+00

82
238	2.117639e+01
307	1.493631e+01
289	1.340593e+01
290	1.333002e+01
411	1.313843e+01
353	1.308574e+01
341	1.303222e+01
280	1.187084e+01
275	1.178710e+01
352	1.098305e+01
279	9.676157e+00
171	9.439203e+00
31	9.111311e+00
77	8.873090e+00
363	8.773774e+00
221	8.764994e+00
416	8.478234e+00
343	8.163157e+00
68	8.113149e+00
315	7.940866e+00

