0
1	1.602060e+00
308	1.532287e+00
370	1.403436e+00
326	1.251103e+00
257	1.048856e+00
334	9.952481e-01
323	9.039456e-01
304	8.693818e-01
268	7.274620e-01
349	7.134988e-01
376	6.752587e-01
288	6.661725e-01
359	5.144767e-01
211	5.081381e-01
406	4.936676e-01
171	4.693807e-01
135	3.697889e-01
382	3.679280e-01
395	3.590104e-01
419	3.402265e-01

1
370	8.350288e-01
334	5.829505e-01
326	5.212027e-01
308	4.007343e-01
304	3.704942e-01
211	3.266418e-01
171	3.019002e-01
268	2.983019e-01
349	2.849142e-01
257	2.529140e-01
359	2.477872e-01
323	2.415494e-01
383	2.384534e-01
406	1.844764e-01
288	1.657315e-01
395	1.517736e-01
350	1.484476e-01
384	1.254689e-01
419	1.209622e-01
78	1.036744e-01

2
1	1.122070e+00
211	1.042674e+00
349	9.520283e-01
334	6.994441e-01
350	6.792475e-01
12	6.724382e-01
419	6.349218e-01
326	6.133039e-01
407	6.068622e-01
308	5.930715e-01
383	4.836696e-01
316	4.784726e-01
395	4.618794e-01
252	4.521939e-01
154	4.518388e-01
29	4.387753e-01
170	4.125547e-01
171	4.054983e-01
30	3.838928e-01
106	3.804766e-01

3
211	1.421650e+00
1	1.407294e+00
334	1.242913e+00
349	1.082658e+00
370	1.074010e+00
326	1.063874e+00
308	9.816263e-01
350	8.106179e-01
419	7.898700e-01
304	7.795716e-01
383	7.582936e-01
171	7.311255e-01
268	6.821426e-01
407	6.530475e-01
395	6.493694e-01
257	6.375889e-01
12	5.390989e-01
323	5.300814e-01
359	5.220405e-01
384	4.892228e-01

4
211	7.934236e-01
349	7.168170e-01
334	5.988453e-01
350	5.491967e-01
419	5.366098e-01
326	5.069903e-01
407	4.899632e-01
12	4.753278e-01
383	4.656014e-01
304	4.501281e-01
395	4.480582e-01
370	4.185903e-01
308	3.959465e-01
154	3.779738e-01
252	3.711150e-01
29	3.458215e-01
171	3.352937e-01
386	3.250438e-01
30	3.244504e-01
376	3.086330e-01

5
1	1.919997e+00
326	1.490742e+00
308	1.463652e+00
323	1.279048e+00
257	1.138802e+00
268	1.073148e+00
211	9.973831e-01
349	9.076500e-01
334	9.012516e-01
324	8.186151e-01
304	7.770906e-01
395	7.689821e-01
407	6.635309e-01
350	6.523948e-01
419	6.410002e-01
171	5.226937e-01
12	5.203411e-01
288	4.724395e-01
154	4.655395e-01
383	4.582163e-01

6
384	1.665017e+00
49	1.602000e+00
421	1.524976e+00
1	1.364926e+00
406	1.251774e+00
87	8.470444e-01
169	5.919031e-01
239	4.763586e-01
153	4.655310e-01
287	4.414342e-01
156	3.585014e-01
107	3.405800e-01
232	2.831965e-01
170	2.814964e-01
80	2.436791e-01
315	2.248149e-01
39	2.044984e-01
226	1.946719e-01
414	1.902529e-01
327	1.696301e-01

7
339	2.959124e+00
358	2.519231e+00
61	1.605409e+00
156	1.532511e+00
155	1.387282e+00
303	1.081509e+00
1	1.012767e+00
212	9.494710e-01
269	9.084128e-01
242	8.742655e-01
207	3.687434e-01
258	3.630048e-01
344	3.400705e-01
195	2.933260e-01
144	2.869839e-01
25	2.604832e-01
167	2.319686e-01
50	2.167301e-01
346	2.090332e-01
356	2.078734e-01

8
156	8.740800e-01
339	7.746739e-01
269	7.667709e-01
358	7.359897e-01
242	5.352347e-01
61	5.244592e-01
155	4.599693e-01
303	3.914399e-01
238	3.321715e-01
198	2.964932e-01
68	1.466133e-01
46	1.322678e-01
31	1.307697e-01
245	1.256888e-01
315	8.616078e-02
355	7.487991e-02
88	6.935443e-02
225	6.700586e-02
334	6.350060e-02
422	6.181594e-02

9
1	1.449905e+00
358	1.031222e+00
156	1.024856e+00
155	9.673755e-01
61	9.201251e-01
269	8.600757e-01
339	7.315189e-01
303	6.482941e-01
242	5.551186e-01
258	4.264237e-01
144	2.869839e-01
167	2.319686e-01
68	2.114158e-01
49	2.012135e-01
169	1.939950e-01
309	1.928207e-01
384	1.916344e-01
405	1.764274e-01
114	1.701674e-01
340	1.694967e-01

10
198	1.094901e+00
269	5.356461e-01
135	4.473560e-01
195	3.893582e-01
238	3.353279e-01
262	3.244402e-01
148	3.136199e-01
156	3.101397e-01
254	2.692763e-01
339	2.291611e-01
1	2.276447e-01
61	1.973293e-01
46	1.770288e-01
40	1.590749e-01
31	1.575671e-01
358	1.530445e-01
364	1.523148e-01
242	1.494389e-01
25	1.465823e-01
272	1.451846e-01

11
1	1.812381e+00
156	1.733349e+00
358	1.441428e+00
155	1.361922e+00
269	1.215156e+00
303	1.042506e+00
61	1.042259e+00
242	9.856463e-01
339	8.858995e-01
258	4.264237e-01
238	3.447970e-01
198	2.964932e-01
144	2.869839e-01
340	2.460101e-01
167	2.319686e-01
159	2.019096e-01
115	1.957384e-01
309	1.928207e-01
36	1.827702e-01
266	1.707110e-01

12
1	1.364943e+00
185	1.277564e+00
79	9.675427e-01
287	7.766032e-01
169	7.574398e-01
170	7.384441e-01
87	6.886032e-01
350	5.648370e-01
151	4.566506e-01
239	4.319655e-01
221	4.290053e-01
342	4.034722e-01
228	3.801321e-01
306	2.643093e-01
421	2.465837e-01
188	2.402499e-01
343	2.164520e-01
32	1.865275e-01
132	1.820759e-01
267	1.767095e-01

13
1	8.048098e-01
269	3.916108e-01
279	3.001977e-01
341	2.536026e-01
107	2.381271e-01
411	2.251746e-01
310	2.093164e-01
45	2.047254e-01
47	2.041258e-01
239	2.027004e-01
121	2.008767e-01
292	1.982141e-01
377	1.885944e-01
343	1.862602e-01
316	1.850338e-01
218	1.835061e-01
9	1.775157e-01
88	1.760846e-01
415	1.708567e-01
234	1.687233e-01

14
94	1.547155e+00
118	1.523048e+00
422	1.474794e+00
164	1.345304e+00
128	1.124146e+00
1	2.961726e-01
305	2.593187e-01
338	2.077077e-01
211	2.030069e-01
182	1.967345e-01
331	1.933383e-01
354	1.751290e-01
350	1.586308e-01
387	1.545050e-01
243	1.528645e-01
207	1.519543e-01
166	1.363087e-01
334	1.346379e-01
389	1.305949e-01
71	1.294024e-01

15
1	9.129088e+00
185	1.149608e+00
169	7.548952e-01
287	5.348896e-01
239	5.311134e-01
350	5.189481e-01
87	5.027142e-01
170	4.819218e-01
221	3.974640e-01
79	3.118880e-01
384	2.129640e-01
274	2.125382e-01
292	2.006554e-01
201	1.995744e-01
333	1.982478e-01
421	1.848240e-01
99	1.768579e-01
395	1.759711e-01
33	1.633929e-01
332	1.458090e-01

16
1	3.354888e+00
358	1.269462e+00
156	1.214669e+00
303	1.108829e+00
61	8.598202e-01
155	8.373562e-01
339	7.315189e-01
242	7.083011e-01
269	5.686608e-01
258	4.264237e-01
167	3.118377e-01
144	2.869839e-01
309	1.928207e-01
391	1.804188e-01
36	1.615964e-01
68	1.466133e-01
75	1.329584e-01
212	1.188985e-01
315	1.188315e-01
159	1.169869e-01

17
1	1.094078e+00
356	3.608675e-01
275	3.542983e-01
247	2.854581e-01
418	2.127158e-01
295	2.048892e-01
142	1.805889e-01
24	1.788386e-01
40	1.590749e-01
411	1.535577e-01
81	1.509584e-01
376	1.461461e-01
78	1.435185e-01
23	1.405208e-01
174	1.368416e-01
89	1.362100e-01
316	1.305077e-01
170	1.298441e-01
254	1.271260e-01
159	1.261763e-01

18
195	1.953282e+00
159	1.596171e+00
100	1.583618e+00
99	1.500357e+00
121	1.456132e+00
344	1.402511e+00
1	1.313886e+00
267	1.280269e+00
10	9.807780e-01
115	9.769810e-01
86	8.482408e-01
234	7.405621e-01
36	6.309321e-01
377	5.965643e-01
139	5.132200e-01
226	4.250443e-01
137	4.006618e-01
194	3.379137e-01
70	3.368359e-01
220	2.995732e-01

19
7	4.349715e+00
188	4.349715e+00
115	3.388369e+00
227	2.427023e+00
343	1.938464e+00
318	1.449905e+00
110	9.771181e-01
339	9.771181e-01
120	4.885591e-01
130	4.885591e-01
144	4.885591e-01
252	4.885591e-01
376	4.885591e-01
398	4.885591e-01
48	1.629299e-01
167	1.420620e-01
121	1.303667e-01
100	1.212376e-01
341	1.030860e-01
70	1.025979e-01

20
318	9.088333e-01
342	6.770137e-01
107	6.528590e-01
338	6.375672e-01
305	6.063076e-01
331	3.724470e-01
354	3.700289e-01
236	3.253343e-01
196	3.170325e-01
144	2.782638e-01
227	2.713845e-01
230	2.569838e-01
372	2.563605e-01
218	2.342886e-01
132	2.253765e-01
241	2.184911e-01
337	2.089860e-01
48	2.073510e-01
400	2.002382e-01
411	1.979278e-01

21
1	9.478919e-01
356	5.081191e-01
41	4.562804e-01
50	4.336299e-01
11	4.197705e-01
285	3.926988e-01
25	3.355764e-01
344	3.035536e-01
34	2.995296e-01
5	2.758590e-01
319	2.548406e-01
245	2.412458e-01
388	2.403793e-01
347	2.330104e-01
135	2.305852e-01
364	2.300365e-01
67	2.143139e-01
247	2.138404e-01
142	2.078621e-01
339	2.048705e-01

22
411	1.695423e-01
40	1.634606e-01
361	1.578446e-01
358	1.336610e-01
159	1.286515e-01
142	1.259297e-01
195	1.183225e-01
1	1.178981e-01
41	1.153901e-01
294	1.123676e-01
382	1.106354e-01
305	1.101938e-01
292	1.100294e-01
258	1.086573e-01
79	1.076948e-01
230	1.074920e-01
314	1.049402e-01
267	9.910533e-02
388	9.799726e-02
342	9.608325e-02

23
1	1.748264e+00
318	9.551726e-01
338	3.720703e-01
236	2.985626e-01
107	2.947327e-01
361	2.945104e-01
80	2.372481e-01
53	2.340507e-01
66	2.066736e-01
40	1.985466e-01
159	1.962055e-01
168	1.899693e-01
27	1.778613e-01
218	1.673777e-01
230	1.668594e-01
121	1.535117e-01
132	1.502679e-01
254	1.496413e-01
292	1.487500e-01
47	1.344485e-01

24
1	2.653938e+00
121	1.034472e+00
342	7.289979e-01
139	5.084707e-01
159	4.832204e-01
246	4.826882e-01
86	4.174130e-01
194	4.090211e-01
377	3.994996e-01
278	3.826826e-01
100	3.712790e-01
115	3.308017e-01
344	3.225023e-01
210	2.928865e-01
119	2.905816e-01
138	2.703478e-01
195	2.411902e-01
70	2.386520e-01
17	2.363645e-01
25	2.354521e-01

25
344	3.047576e-01
25	2.654413e-01
339	2.495933e-01
142	2.326813e-01
356	2.265477e-01
307	2.095676e-01
41	1.976305e-01
1	1.971953e-01
411	1.764908e-01
102	1.640080e-01
195	1.602211e-01
34	1.500554e-01
5	1.456740e-01
79	1.445125e-01
11	1.405530e-01
50	1.404182e-01
202	1.397651e-01
218	1.351905e-01
176	1.333614e-01
292	1.270816e-01

26
1	0.000000e+00
2	0.000000e+00
3	0.000000e+00
4	0.000000e+00
5	0.000000e+00
6	0.000000e+00
7	0.000000e+00
8	0.000000e+00
9	0.000000e+00
10	0.000000e+00
11	0.000000e+00
12	0.000000e+00
13	0.000000e+00
14	0.000000e+00
15	0.000000e+00
16	0.000000e+00
17	0.000000e+00
18	0.000000e+00
19	0.000000e+00
20	0.000000e+00

27
81	4.068274e-01
390	4.007475e-01
277	3.942985e-01
150	2.830956e-01
360	2.829361e-01
245	2.795969e-01
283	2.574307e-01
307	2.529520e-01
394	2.453028e-01
391	2.417248e-01
325	2.377395e-01
96	2.193496e-01
189	2.064317e-01
400	2.054513e-01
200	1.947001e-01
225	1.849809e-01
58	1.846546e-01
219	1.569562e-01
118	1.521194e-01
133	1.401497e-01

28
341	2.115937e+00
192	1.927485e+00
329	1.201443e+00
1	8.862935e-01
158	8.808568e-01
184	7.591430e-01
157	5.289975e-01
105	4.057520e-01
323	2.824851e-01
115	2.665873e-01
86	2.527316e-01
364	2.496229e-01
378	2.281607e-01
7	2.239509e-01
54	2.131382e-01
292	2.129764e-01
121	2.123053e-01
315	2.108876e-01
47	2.094174e-01
346	1.990460e-01

29
1	4.137446e+00
271	2.169910e+00
253	1.629373e+00
261	1.033261e+00
20	9.866663e-01
302	6.152656e-01
71	6.036418e-01
182	4.919896e-01
122	4.798512e-01
39	4.651451e-01
273	4.549696e-01
32	4.532549e-01
387	4.506374e-01
207	4.213121e-01
54	4.107056e-01
150	4.099461e-01
293	3.874511e-01
229	3.759301e-01
379	3.248117e-01
272	3.243815e-01

30
1	1.043216e+00
316	2.849412e-01
39	2.502917e-01
81	2.425572e-01
138	2.310035e-01
56	2.066559e-01
415	2.053360e-01
74	2.012826e-01
47	1.977223e-01
300	1.923037e-01
303	1.891019e-01
9	1.754931e-01
266	1.620872e-01
205	1.609023e-01
165	1.604124e-01
102	1.582059e-01
239	1.462895e-01
103	1.228289e-01
380	1.201986e-01
298	1.178122e-01

31
1	1.608616e+00
279	7.399548e-01
295	5.600842e-01
316	4.703907e-01
306	4.057097e-01
367	3.455822e-01
329	3.382512e-01
102	3.359197e-01
38	3.293416e-01
411	3.226262e-01
341	3.117671e-01
53	3.108851e-01
184	3.071717e-01
290	2.760714e-01
115	2.737249e-01
315	2.725230e-01
415	2.548577e-01
21	2.543200e-01
15	2.406046e-01
47	2.405365e-01

32
251	1.422603e+00
1	9.105788e-01
335	3.407841e-01
323	2.258386e-01
308	2.039790e-01
90	1.672094e-01
8	1.194230e-01
360	1.140369e-01
378	1.113333e-01
364	1.078400e-01
157	1.049362e-01
349	9.777056e-02
22	9.574697e-02
293	9.226382e-02
395	9.020049e-02
122	8.997074e-02
306	8.664577e-02
221	8.610398e-02
217	8.552679e-02
187	8.375048e-02

33
294	1.197581e+00
238	4.351035e-01
194	2.776878e-01
290	2.641787e-01
305	2.078952e-01
202	1.999255e-01
70	1.843108e-01
246	1.684202e-01
258	1.647834e-01
151	1.633573e-01
9	1.626122e-01
261	1.505628e-01
329	1.505366e-01
114	1.463071e-01
196	1.455148e-01
418	1.440211e-01
328	1.391575e-01
408	1.389815e-01
253	1.320305e-01
291	1.285854e-01

34
318	1.175973e+00
1	7.594069e-01
338	4.269873e-01
236	4.141919e-01
107	2.947327e-01
184	2.675842e-01
132	2.637733e-01
9	2.629257e-01
76	2.576017e-01
80	2.453742e-01
239	2.156001e-01
324	2.084960e-01
363	1.893525e-01
265	1.870722e-01
305	1.776625e-01
54	1.770780e-01
218	1.673777e-01
15	1.614157e-01
230	1.597151e-01
266	1.584171e-01

35
217	2.067680e+01
388	3.404387e+00
27	3.404387e+00
236	3.404387e+00
139	3.028009e+00
121	3.028009e+00
320	1.514005e+00
399	1.514005e+00
407	1.514005e+00
410	1.514005e+00
412	1.514005e+00
296	1.514005e+00
175	1.514005e+00
50	1.514005e+00
60	1.514005e+00
192	1.514005e+00
200	1.514005e+00
335	1.514005e+00
210	1.514005e+00
377	1.514005e+00

36
1	4.885591e-01
378	4.325369e-01
102	2.542779e-01
401	2.104466e-01
221	2.055580e-01
48	1.903803e-01
121	1.878708e-01
239	1.739778e-01
382	1.663794e-01
341	1.653395e-01
49	1.610436e-01
367	1.604796e-01
7	1.552195e-01
350	1.438214e-01
343	1.436204e-01
100	1.318125e-01
245	1.295563e-01
54	1.236504e-01
167	1.215785e-01
230	1.160854e-01

37
1	1.896876e+00
47	3.053490e-01
174	2.926689e-01
202	2.710613e-01
190	2.361424e-01
89	2.348077e-01
356	2.229061e-01
222	2.028216e-01
135	2.005075e-01
402	1.906636e-01
216	1.857541e-01
333	1.826240e-01
306	1.686906e-01
48	1.634306e-01
228	1.615249e-01
272	1.541263e-01
145	1.418441e-01
152	1.401134e-01
334	1.364099e-01
186	1.301836e-01

38
360	2.157080e+00
277	1.522999e+00
189	1.192442e+00
265	1.078826e+00
22	1.051231e+00
219	9.337246e-01
394	9.035159e-01
173	7.823200e-01
150	6.555960e-01
255	5.804079e-01
73	4.518302e-01
134	3.627642e-01
133	3.589249e-01
332	3.433930e-01
391	3.160145e-01
81	2.999246e-01
286	2.758897e-01
264	2.665270e-01
266	2.493796e-01
40	2.228640e-01

39
1	8.139814e-01
207	7.475704e-01
272	5.780212e-01
71	3.645085e-01
369	3.430077e-01
139	3.392335e-01
148	3.185358e-01
58	2.931828e-01
245	2.779844e-01
182	2.736277e-01
20	2.588978e-01
325	2.541650e-01
271	2.432701e-01
243	2.141780e-01
229	2.037786e-01
265	1.949692e-01
261	1.874353e-01
134	1.860908e-01
32	1.820471e-01
189	1.800704e-01

40
1	5.867050e+00
258	3.480086e+00
341	3.000000e+00
37	2.000000e+00
388	1.954791e+00
318	7.162038e-01
47	6.280188e-01
157	5.803781e-01
215	5.580598e-01
5	5.459084e-01
23	5.262055e-01
110	4.995019e-01
31	4.892043e-01
291	4.825744e-01
284	4.602958e-01
69	4.395309e-01
119	4.088828e-01
351	3.391616e-01
116	3.353877e-01
260	3.338471e-01

41
1	8.254605e+00
47	1.061717e+00
53	6.981464e-01
157	5.894852e-01
202	5.401988e-01
174	5.179331e-01
69	4.819526e-01
135	4.764719e-01
54	4.578628e-01
215	4.466924e-01
228	4.461967e-01
90	4.447150e-01
284	4.377011e-01
402	4.061784e-01
101	3.703659e-01
89	3.701888e-01
254	3.213308e-01
292	3.211827e-01
116	2.931209e-01
231	2.673827e-01

42
1	6.063229e+00
341	1.061177e+00
329	6.279234e-01
367	2.878989e-01
279	2.706255e-01
306	2.667724e-01
290	2.606269e-01
21	2.299324e-01
295	2.272430e-01
192	2.199680e-01
38	2.040138e-01
113	2.010114e-01
15	1.842368e-01
404	1.821707e-01
184	1.649479e-01
385	1.633999e-01
53	1.575247e-01
186	1.520868e-01
307	1.506592e-01
276	1.483061e-01

43
1	2.634938e+00
295	8.303203e-01
306	4.860070e-01
102	3.472947e-01
31	3.032930e-01
315	2.968658e-01
82	2.732497e-01
316	1.849115e-01
23	1.405208e-01
390	1.365544e-01
75	1.328806e-01
378	1.315339e-01
245	1.256888e-01
79	1.234453e-01
148	1.194078e-01
348	1.173095e-01
312	1.127392e-01
56	1.059407e-01
157	1.030429e-01
98	1.008075e-01

44
1	1.422332e+00
229	2.211073e-01
261	1.627243e-01
264	1.609900e-01
20	1.506541e-01
365	1.426453e-01
48	1.336407e-01
167	1.336378e-01
247	1.271776e-01
271	1.255301e-01
32	1.248616e-01
379	1.203092e-01
311	1.183291e-01
47	1.146347e-01
58	1.114520e-01
253	1.110739e-01
262	1.032120e-01
98	1.008075e-01
148	9.702668e-02
144	9.613413e-02

45
1	7.533139e+00
47	1.122634e+00
202	8.998224e-01
20	6.722891e-01
151	6.061926e-01
53	5.067760e-01
23	4.482784e-01
284	4.433626e-01
56	4.402659e-01
69	4.314305e-01
80	4.180373e-01
348	3.855371e-01
90	3.723684e-01
215	3.703683e-01
291	3.242576e-01
54	3.228484e-01
32	3.078507e-01
116	2.931209e-01
231	2.673827e-01
101	2.640705e-01

46
1	1.291356e+00
47	3.079780e-01
31	3.032930e-01
174	2.814016e-01
202	2.710613e-01
378	2.664923e-01
89	2.427283e-01
135	2.147785e-01
254	2.035212e-01
148	1.882137e-01
23	1.805083e-01
93	1.778546e-01
115	1.740602e-01
54	1.591194e-01
157	1.549904e-01
402	1.484673e-01
228	1.455455e-01
390	1.410301e-01
75	1.328806e-01
329	1.314027e-01

47
420	2.408140e-01
63	1.586655e-01
46	1.509311e-01
374	1.449352e-01
306	1.368262e-01
295	1.326966e-01
89	1.193715e-01
1	1.178981e-01
343	1.150646e-01
181	1.116251e-01
272	1.112752e-01
12	1.037871e-01
216	1.023692e-01
23	1.014277e-01
47	9.900315e-02
174	9.428689e-02
51	8.835536e-02
322	8.775677e-02
145	8.421358e-02
247	8.143591e-02

48
1	2.571975e+00
56	1.493250e+00
183	1.306609e+00
205	7.652838e-01
103	7.011327e-01
150	6.233468e-01
291	4.638403e-01
378	4.603463e-01
81	3.433886e-01
316	3.254167e-01
300	3.176347e-01
380	3.103065e-01
375	2.712377e-01
47	2.710592e-01
312	2.390452e-01
228	2.298440e-01
53	2.018409e-01
266	1.815275e-01
175	1.767856e-01
98	1.734388e-01

49
1	2.383671e+00
157	6.316960e-01
402	4.510352e-01
364	3.552905e-01
221	3.425270e-01
47	2.495600e-01
265	2.435031e-01
133	2.415796e-01
89	2.346466e-01
53	1.946409e-01
228	1.856093e-01
185	1.824310e-01
116	1.765541e-01
135	1.734701e-01
277	1.654064e-01
249	1.601378e-01
350	1.564303e-01
276	1.562061e-01
419	1.555974e-01
377	1.468477e-01

50
1	1.692679e+00
329	3.270693e-01
367	2.878989e-01
279	2.706255e-01
290	2.606269e-01
276	2.509068e-01
341	2.424855e-01
306	2.399789e-01
2	2.376412e-01
21	2.299324e-01
295	2.272430e-01
186	2.237067e-01
38	2.111320e-01
113	2.072455e-01
15	1.842368e-01
385	1.633999e-01
183	1.542031e-01
404	1.535903e-01
307	1.506592e-01
190	1.357414e-01

51
186	4.452741e-01
1	3.624762e-01
329	3.452737e-01
367	3.358821e-01
306	3.202433e-01
290	3.002737e-01
279	2.911605e-01
295	2.889027e-01
341	2.772195e-01
21	2.481810e-01
263	2.444179e-01
276	2.335113e-01
38	2.203928e-01
113	2.190486e-01
307	2.152853e-01
15	2.098253e-01
285	1.980982e-01
385	1.936592e-01
293	1.933017e-01
320	1.843957e-01

52
1	5.568761e+00
295	1.307581e+00
306	8.641045e-01
102	6.069857e-01
402	4.209506e-01
315	3.833310e-01
364	3.552905e-01
329	3.452737e-01
367	3.394424e-01
341	3.094244e-01
290	3.049116e-01
279	2.924942e-01
237	2.869399e-01
21	2.299324e-01
157	2.236204e-01
38	2.182501e-01
113	2.072455e-01
385	2.028102e-01
82	1.918119e-01
239	1.917394e-01

53
1	2.520395e+00
306	1.089276e+00
295	1.018810e+00
315	8.638436e-01
38	6.013764e-01
79	4.972431e-01
363	3.989652e-01
343	3.877887e-01
135	3.582141e-01
411	3.553098e-01
47	3.437284e-01
10	2.986397e-01
418	2.978715e-01
183	2.668128e-01
401	2.657481e-01
157	2.453353e-01
290	2.441331e-01
228	2.396900e-01
56	2.354531e-01
317	2.229143e-01

54
1	1.066584e+01
89	9.604253e-01
402	7.867881e-01
157	7.209403e-01
135	6.329709e-01
247	6.026271e-01
254	5.862291e-01
364	4.872007e-01
228	4.151755e-01
295	4.089398e-01
38	3.306667e-01
47	3.234308e-01
382	2.810550e-01
418	2.565589e-01
420	2.324072e-01
283	2.242849e-01
174	2.072363e-01
148	2.053953e-01
349	2.032212e-01
53	1.964900e-01

55
1	2.766756e+00
145	4.156944e-01
135	3.261776e-01
382	2.952074e-01
161	2.633044e-01
315	2.629256e-01
121	2.528527e-01
140	2.178507e-01
38	2.042521e-01
22	1.911061e-01
349	1.868473e-01
254	1.833283e-01
364	1.780690e-01
418	1.762741e-01
367	1.735987e-01
185	1.724199e-01
166	1.672631e-01
123	1.586490e-01
259	1.521513e-01
278	1.506751e-01

56
306	8.326950e-01
295	7.636317e-01
315	6.211055e-01
38	4.194819e-01
82	4.020709e-01
420	2.911199e-01
363	2.607921e-01
79	2.591561e-01
317	2.169042e-01
59	2.139229e-01
118	1.991168e-01
56	1.945031e-01
291	1.858903e-01
401	1.754938e-01
350	1.522626e-01
335	1.369135e-01
411	1.280535e-01
348	1.262437e-01
47	1.261009e-01
255	1.232348e-01

57


58
1	4.392821e+00
79	1.140811e+00
306	6.986883e-01
40	4.678452e-01
350	4.578424e-01
228	3.434703e-01
184	3.254846e-01
151	3.235934e-01
185	2.974701e-01
148	2.821120e-01
170	2.667376e-01
38	2.481450e-01
419	2.470698e-01
421	2.284323e-01
87	2.019758e-01
121	1.963461e-01
254	1.901358e-01
146	1.813535e-01
292	1.704422e-01
169	1.599637e-01

59
306	9.529007e-01
295	7.636317e-01
315	6.211055e-01
79	4.612221e-01
38	4.194819e-01
363	2.607921e-01
317	2.169042e-01
59	2.139229e-01
118	1.991168e-01
56	1.945031e-01
291	1.858903e-01
82	1.765081e-01
401	1.754938e-01
350	1.522626e-01
303	1.517220e-01
335	1.369135e-01
411	1.280535e-01
334	1.271544e-01
348	1.262437e-01
47	1.261009e-01

60
1	4.924802e+00
221	3.873917e+00
211	3.253496e+00
188	1.692679e+00
11	1.573058e+00
173	9.105788e-01
401	9.105788e-01
420	9.105788e-01
242	4.885591e-01
377	4.885591e-01
135	4.428075e-01
228	3.174128e-01
89	2.751993e-01
295	2.681473e-01
254	2.297689e-01
82	2.242640e-01
315	2.230283e-01
157	2.101060e-01
402	2.066990e-01
174	1.888841e-01

61
1	4.885591e-01
114	1.901701e-01
398	1.499031e-01
318	1.203700e-01
233	1.054013e-01
115	9.269318e-02
377	8.701814e-02
56	7.030783e-02
370	6.103456e-02
58	5.517007e-02
128	4.950004e-02
207	4.563622e-02
360	4.335423e-02
343	4.249531e-02
342	4.239142e-02
254	4.165877e-02
247	3.987393e-02
323	3.736157e-02
148	3.634856e-02
173	3.544415e-02

62
121	1.739490e+00
1	1.102995e+00
377	9.234537e-01
159	9.187809e-01
139	6.925163e-01
115	6.844934e-01
194	6.204904e-01
100	5.915064e-01
309	5.876786e-01
86	5.632420e-01
181	5.026209e-01
210	4.579792e-01
209	4.040333e-01
386	3.912069e-01
70	3.700693e-01
234	3.683237e-01
35	3.173097e-01
224	2.665709e-01
233	2.652624e-01
55	2.516387e-01

63
1	1.809284e+00
328	1.611481e+00
322	1.533067e+00
420	6.037881e-01
243	5.988850e-01
46	4.842793e-01
7	3.310448e-01
271	2.931572e-01
371	2.832939e-01
283	2.685604e-01
332	2.509112e-01
379	2.130726e-01
75	1.908035e-01
53	1.841294e-01
71	1.763021e-01
107	1.666196e-01
400	1.659262e-01
365	1.600713e-01
63	1.585071e-01
264	1.542802e-01

64
342	7.892091e-01
121	5.851876e-01
246	4.826882e-01
194	3.961575e-01
278	3.794204e-01
1	3.624762e-01
377	3.411252e-01
309	3.096407e-01
119	2.905816e-01
100	2.765603e-01
138	2.703478e-01
386	2.692437e-01
17	2.617932e-01
115	2.131308e-01
159	1.948377e-01
35	1.694765e-01
31	1.691034e-01
210	1.642933e-01
46	1.509311e-01
234	1.426439e-01

65
110	1.084499e+00
121	8.235097e-01
377	7.649716e-01
115	6.556467e-01
386	6.363115e-01
194	5.430071e-01
341	5.255774e-01
210	5.174402e-01
100	5.111011e-01
70	5.050660e-01
159	4.100085e-01
86	3.957252e-01
1	3.624762e-01
306	3.098848e-01
309	3.096407e-01
139	2.877598e-01
35	2.828899e-01
102	2.707581e-01
234	2.664719e-01
55	2.581859e-01

66
1	2.456743e+00
63	1.999305e+00
7	1.902984e+00
184	1.872952e+00
346	1.007529e+00
420	4.805702e-01
8	3.359052e-01
31	2.754007e-01
92	2.091880e-01
46	1.938346e-01
411	1.750926e-01
328	1.671268e-01
397	1.436577e-01
341	1.351401e-01
417	1.332822e-01
386	1.215809e-01
315	1.177735e-01
371	1.146294e-01
422	1.080069e-01
116	1.031814e-01

67
420	5.269478e-01
290	3.455393e-01
31	3.434223e-01
289	3.379458e-01
46	3.374953e-01
307	2.799651e-01
343	2.776988e-01
7	2.476251e-01
238	2.238856e-01
275	2.126124e-01
243	2.042060e-01
68	1.973512e-01
352	1.842191e-01
279	1.832871e-01
87	1.722905e-01
308	1.710938e-01
63	1.664986e-01
156	1.563667e-01
107	1.424144e-01
315	1.405526e-01

68
377	3.924022e+00
121	2.201915e+00
386	1.871061e+00
115	1.249732e+00
70	1.129599e+00
159	1.083613e+00
194	1.070083e+00
139	9.819581e-01
100	9.658357e-01
309	8.668538e-01
210	7.929598e-01
86	5.794905e-01
224	4.983199e-01
1	4.885591e-01
234	4.708580e-01
233	4.169281e-01
79	2.964346e-01
55	2.944289e-01
200	2.886896e-01
203	2.673754e-01

69
1	5.901209e-01
264	4.370876e-01
140	4.089323e-01
226	3.014139e-01
413	2.795696e-01
239	2.760787e-01
225	2.646740e-01
42	2.642461e-01
137	2.354566e-01
26	2.174716e-01
194	2.040515e-01
396	1.982205e-01
399	1.919531e-01
292	1.819032e-01
284	1.814240e-01
121	1.794940e-01
168	1.758449e-01
102	1.721895e-01
9	1.694113e-01
158	1.658853e-01

70
117	9.629502e-01
1	6.064572e-01
258	5.018697e-01
121	3.124768e-01
420	2.492107e-01
361	2.425801e-01
417	2.318322e-01
47	2.192629e-01
414	2.173077e-01
8	2.118544e-01
408	2.100259e-01
221	1.981436e-01
341	1.798990e-01
292	1.762407e-01
315	1.750967e-01
350	1.646162e-01
230	1.569781e-01
343	1.536779e-01
384	1.531304e-01
179	1.453483e-01

71
305	8.627287e-01
1	8.320888e-01
331	6.227174e-01
354	4.873118e-01
338	3.826645e-01
196	3.676320e-01
326	3.302527e-01
76	2.845814e-01
107	2.695200e-01
257	2.382355e-01
304	2.243341e-01
78	2.150507e-01
144	2.128420e-01
211	2.085370e-01
66	2.075972e-01
414	2.023719e-01
395	1.902389e-01
337	1.894938e-01
251	1.893560e-01
308	1.885235e-01

72
43	2.447442e+00
209	2.323606e+00
320	1.548674e+00
37	1.353933e+00
168	3.152552e-01
226	3.025808e-01
236	2.927757e-01
6	2.457106e-01
341	2.140095e-01
146	2.132590e-01
159	2.020874e-01
351	1.969848e-01
47	1.911980e-01
90	1.829743e-01
156	1.802771e-01
249	1.789292e-01
284	1.752173e-01
69	1.696631e-01
139	1.596497e-01
338	1.586867e-01

73
285	1.993938e+00
34	1.760563e+00
25	1.088635e+00
67	1.050467e+00
41	1.041712e+00
5	9.242491e-01
356	7.886672e-01
11	7.058396e-01
347	5.880013e-01
50	4.715991e-01
142	4.357629e-01
180	3.974089e-01
259	2.980949e-01
319	2.831970e-01
63	2.756909e-01
388	2.492823e-01
244	1.903506e-01
236	1.506203e-01
227	1.132343e-01
120	1.111919e-01

74
388	7.821794e-01
1	6.992371e-01
197	5.584374e-01
240	5.433445e-01
142	4.066178e-01
34	3.491944e-01
406	3.379913e-01
326	2.994537e-01
57	2.949972e-01
114	2.570064e-01
271	2.442366e-01
5	2.378540e-01
17	2.178057e-01
310	2.012500e-01
161	1.985724e-01
133	1.891047e-01
370	1.888232e-01
189	1.848313e-01
359	1.677724e-01
204	1.585592e-01

75
230	1.022299e+00
338	8.717724e-01
227	7.934602e-01
1	5.901209e-01
236	4.677421e-01
259	4.193978e-01
107	3.965553e-01
168	3.866244e-01
121	3.024841e-01
167	2.916802e-01
210	2.631566e-01
242	2.547229e-01
139	2.214072e-01
100	2.204167e-01
156	2.188001e-01
339	2.185222e-01
218	2.177634e-01
148	2.170787e-01
408	2.154892e-01
372	2.111206e-01

76
14	4.581783e-01
338	3.484710e-01
107	2.980075e-01
318	2.979414e-01
303	2.780680e-01
156	2.263981e-01
358	2.055834e-01
368	1.807430e-01
218	1.720271e-01
158	1.710628e-01
266	1.620428e-01
177	1.573784e-01
331	1.379287e-01
230	1.242340e-01
399	1.229017e-01
260	1.178855e-01
263	1.127323e-01
167	1.063812e-01
222	1.057393e-01
372	1.043471e-01

77
1	3.433568e+00
258	1.534648e+00
241	1.135141e+00
408	1.043424e+00
107	8.901667e-01
314	6.829840e-01
117	6.144069e-01
167	6.043787e-01
358	5.593436e-01
109	5.457316e-01
144	4.858344e-01
156	3.048664e-01
303	2.703163e-01
121	2.635208e-01
259	2.560851e-01
68	2.546074e-01
36	2.530280e-01
6	2.491018e-01
305	2.330953e-01
417	2.328612e-01

78
209	1.630118e+00
320	1.487925e+00
43	1.304250e+00
37	7.352580e-01
158	4.122183e-01
226	3.204377e-01
236	2.888682e-01
413	2.883995e-01
422	2.589887e-01
150	2.257354e-01
387	2.121726e-01
6	2.118377e-01
81	1.904251e-01
108	1.862073e-01
286	1.561297e-01
189	1.555860e-01
284	1.550783e-01
159	1.544254e-01
225	1.532037e-01
54	1.507162e-01

79
382	4.341827e-01
279	4.155546e-01
275	3.749578e-01
149	3.686732e-01
305	3.549667e-01
296	3.300447e-01
417	2.927608e-01
307	2.803354e-01
290	2.726468e-01
68	2.615598e-01
280	2.583734e-01
107	2.390610e-01
215	2.300385e-01
258	2.196403e-01
269	2.109292e-01
343	2.054065e-01
340	2.035752e-01
54	2.021838e-01
47	1.866943e-01
184	1.742723e-01

80
1	4.715925e-01
289	4.670192e-01
378	4.605677e-01
343	4.112769e-01
162	4.097459e-01
307	3.301503e-01
290	2.908228e-01
280	2.905327e-01
238	2.871243e-01
279	2.379838e-01
275	2.283953e-01
296	2.261262e-01
243	2.254982e-01
202	1.916792e-01
353	1.883605e-01
315	1.857098e-01
352	1.787475e-01
292	1.762516e-01
367	1.733572e-01
404	1.691063e-01

81
343	5.350574e-01
1	4.715925e-01
296	4.662648e-01
216	3.450949e-01
280	3.295416e-01
307	3.237447e-01
290	3.165221e-01
8	2.772137e-01
161	2.452973e-01
289	2.345244e-01
279	2.295091e-01
275	2.022800e-01
315	1.861448e-01
401	1.836277e-01
341	1.795306e-01
363	1.625591e-01
31	1.566926e-01
21	1.462720e-01
346	1.460279e-01
200	1.448036e-01

82
1	1.692679e+00
221	9.899005e-02
82	8.289546e-02
105	7.778251e-02
77	7.149732e-02
195	6.408435e-02
315	6.117181e-02
215	6.039429e-02
49	5.959971e-02
228	5.940811e-02
202	5.722042e-02
266	5.397159e-02
404	5.312820e-02
405	5.225804e-02
329	5.221665e-02
399	5.040955e-02
156	4.968038e-02
408	4.233301e-02
121	4.142591e-02
88	4.109364e-02

